X= 0.766130
Y= 1.392460
Z= 64.600000
