XOffSet= 0.700000
YOffSet= 1.430000