Vx= 0.00488826
Vy= 0.004744