Vx= 0.0023171428571429
Vy= 0.0022318181818182