Vx= 0.00686137185542020877596205808488
Vy= 0.00686137185542020877596205808488