Vx= 0.00255
Vy= 0.00253